1.775040000000000000e+05
2.322880000000000000e+05
1.717760000000000000e+05
2.460000000000000000e+05
2.218080000000000000e+05
2.035840000000000000e+05
3.182400000000000000e+05
2.779520000000000000e+05
2.596640000000000000e+05
2.424960000000000000e+05
2.365920000000000000e+05
2.131200000000000000e+05
1.777600000000000000e+05
2.927840000000000000e+05
2.198880000000000000e+05
2.765440000000000000e+05
2.573120000000000000e+05
2.122400000000000000e+05
1.764960000000000000e+05
1.844320000000000000e+05
1.767200000000000000e+05
2.067200000000000000e+05
1.790560000000000000e+05
2.145920000000000000e+05
2.329280000000000000e+05
2.826720000000000000e+05
2.546720000000000000e+05
2.617280000000000000e+05
2.120640000000000000e+05
2.222560000000000000e+05
3.270880000000000000e+05
2.600960000000000000e+05
2.400960000000000000e+05
2.652480000000000000e+05
1.868160000000000000e+05
2.504320000000000000e+05
2.627680000000000000e+05
2.780960000000000000e+05
2.391680000000000000e+05
2.475840000000000000e+05
2.471680000000000000e+05
3.084800000000000000e+05
2.262400000000000000e+05
2.134560000000000000e+05
2.505120000000000000e+05
2.410720000000000000e+05
2.544640000000000000e+05
2.531680000000000000e+05
1.895520000000000000e+05
2.522400000000000000e+05
2.575040000000000000e+05
2.181440000000000000e+05
2.281920000000000000e+05
2.234720000000000000e+05
1.990880000000000000e+05
1.834400000000000000e+05
2.038080000000000000e+05
2.253120000000000000e+05
2.152320000000000000e+05
2.509760000000000000e+05
2.071680000000000000e+05
2.036000000000000000e+05
2.183520000000000000e+05
2.288000000000000000e+05
2.108160000000000000e+05
2.316960000000000000e+05
1.934560000000000000e+05
2.250880000000000000e+05
2.517440000000000000e+05
2.194080000000000000e+05
2.538560000000000000e+05
2.481280000000000000e+05
2.693600000000000000e+05
2.880800000000000000e+05
2.952320000000000000e+05
2.635360000000000000e+05
2.518240000000000000e+05
2.605120000000000000e+05
2.370240000000000000e+05
2.910720000000000000e+05
2.612320000000000000e+05
1.967520000000000000e+05
3.029600000000000000e+05
2.191840000000000000e+05
2.247520000000000000e+05
2.867840000000000000e+05
2.500160000000000000e+05
2.350880000000000000e+05
2.540640000000000000e+05
2.938400000000000000e+05
2.290080000000000000e+05
2.335040000000000000e+05
2.986080000000000000e+05
2.738560000000000000e+05
2.749120000000000000e+05
3.112640000000000000e+05
2.773600000000000000e+05
3.215680000000000000e+05
2.681440000000000000e+05
2.926400000000000000e+05
2.692960000000000000e+05
2.534400000000000000e+05
2.624320000000000000e+05
2.284480000000000000e+05
3.026880000000000000e+05
3.126240000000000000e+05
2.609280000000000000e+05
2.785600000000000000e+05
2.892480000000000000e+05
2.501120000000000000e+05
3.002400000000000000e+05
2.669600000000000000e+05
2.620160000000000000e+05
5.277760000000000000e+05
2.937600000000000000e+05
2.780480000000000000e+05
2.592960000000000000e+05
3.717120000000000000e+05
3.027840000000000000e+05
3.042080000000000000e+05
3.060960000000000000e+05
2.691360000000000000e+05
3.399360000000000000e+05
3.066880000000000000e+05
2.711360000000000000e+05
3.049440000000000000e+05
2.264640000000000000e+05
3.525760000000000000e+05
3.103520000000000000e+05
2.582240000000000000e+05
2.993280000000000000e+05
2.534240000000000000e+05
3.234240000000000000e+05
3.174720000000000000e+05
3.058400000000000000e+05
3.210400000000000000e+05
3.537600000000000000e+05
2.875200000000000000e+05
3.106720000000000000e+05
2.850080000000000000e+05
3.148640000000000000e+05
2.801280000000000000e+05
2.584800000000000000e+05
2.554240000000000000e+05
2.881280000000000000e+05
2.876480000000000000e+05
3.001280000000000000e+05
3.214240000000000000e+05
3.413440000000000000e+05
3.306080000000000000e+05
3.199200000000000000e+05
3.434240000000000000e+05
3.004640000000000000e+05
3.166560000000000000e+05
2.653440000000000000e+05
3.420480000000000000e+05
3.029760000000000000e+05
3.765280000000000000e+05
2.527520000000000000e+05
3.295360000000000000e+05
3.705760000000000000e+05
3.332480000000000000e+05
3.903040000000000000e+05
3.500640000000000000e+05
4.265920000000000000e+05
3.057600000000000000e+05
3.217760000000000000e+05
3.511840000000000000e+05
3.390720000000000000e+05
3.275680000000000000e+05
3.243040000000000000e+05
3.419680000000000000e+05
3.827680000000000000e+05
3.727200000000000000e+05
3.657920000000000000e+05
4.009760000000000000e+05
3.714240000000000000e+05
3.816480000000000000e+05
4.284480000000000000e+05
3.692000000000000000e+05
4.760160000000000000e+05
4.477600000000000000e+05
4.643680000000000000e+05
4.944480000000000000e+05
4.026240000000000000e+05
4.169760000000000000e+05
3.582720000000000000e+05
4.463680000000000000e+05
4.871040000000000000e+05
5.288320000000000000e+05
4.177600000000000000e+05
4.594720000000000000e+05
4.679200000000000000e+05
4.275680000000000000e+05
4.208960000000000000e+05
5.280960000000000000e+05
4.531840000000000000e+05
4.967840000000000000e+05
4.797920000000000000e+05
4.761760000000000000e+05
4.925280000000000000e+05
5.010720000000000000e+05
5.122240000000000000e+05
4.948800000000000000e+05
4.503520000000000000e+05
4.316800000000000000e+05
5.168800000000000000e+05
5.597280000000000000e+05
5.185920000000000000e+05
4.993280000000000000e+05
5.277760000000000000e+05
6.056960000000000000e+05
5.817920000000000000e+05
5.996640000000000000e+05
6.171840000000000000e+05
5.912160000000000000e+05
4.672000000000000000e+05
5.211040000000000000e+05
4.974240000000000000e+05
5.288480000000000000e+05
5.996800000000000000e+05
5.696160000000000000e+05
5.742400000000000000e+05
5.707680000000000000e+05
6.179520000000000000e+05
5.865600000000000000e+05
6.447360000000000000e+05
5.633920000000000000e+05
6.869600000000000000e+05
7.208640000000000000e+05
6.835360000000000000e+05
6.336960000000000000e+05
6.715040000000000000e+05
6.567680000000000000e+05
6.608960000000000000e+05
6.761920000000000000e+05
6.805760000000000000e+05
8.167680000000000000e+05
6.774400000000000000e+05
7.797920000000000000e+05
7.440800000000000000e+05
7.637120000000000000e+05
8.493440000000000000e+05
8.578400000000000000e+05
8.277120000000000000e+05
8.014560000000000000e+05
8.143040000000000000e+05
8.381600000000000000e+05
7.783520000000000000e+05
8.291520000000000000e+05
8.930240000000000000e+05
9.158560000000000000e+05
9.149920000000000000e+05
7.835840000000000000e+05
8.206880000000000000e+05
8.876800000000000000e+05
1.005312000000000000e+06
9.965600000000000000e+05
9.619520000000000000e+05
9.859840000000000000e+05
9.156320000000000000e+05
9.292640000000000000e+05
9.949760000000000000e+05
1.092656000000000000e+06
1.095376000000000000e+06
1.111744000000000000e+06
9.865120000000000000e+05
1.082880000000000000e+06
1.120672000000000000e+06
1.112368000000000000e+06
1.031696000000000000e+06
1.153264000000000000e+06
1.219504000000000000e+06
1.144624000000000000e+06
1.064816000000000000e+06
1.208928000000000000e+06
1.060016000000000000e+06
1.234176000000000000e+06
1.172960000000000000e+06
1.200448000000000000e+06
1.154768000000000000e+06
1.173392000000000000e+06
1.283424000000000000e+06
1.264144000000000000e+06
1.367168000000000000e+06
1.183200000000000000e+06
1.391312000000000000e+06
1.301840000000000000e+06
1.280576000000000000e+06
1.382128000000000000e+06
1.389376000000000000e+06
1.374768000000000000e+06
1.413216000000000000e+06
1.429680000000000000e+06
1.381456000000000000e+06
1.404384000000000000e+06
1.484304000000000000e+06
1.469824000000000000e+06
1.387200000000000000e+06
1.475840000000000000e+06
1.366800000000000000e+06
1.626720000000000000e+06
1.508736000000000000e+06
1.542608000000000000e+06
1.597536000000000000e+06
1.443184000000000000e+06
1.590272000000000000e+06
1.496304000000000000e+06
1.511296000000000000e+06
1.586608000000000000e+06
1.594208000000000000e+06
1.668944000000000000e+06
1.767728000000000000e+06
1.590480000000000000e+06
1.594192000000000000e+06
1.576736000000000000e+06
1.623728000000000000e+06
1.778896000000000000e+06
1.658192000000000000e+06
1.648192000000000000e+06
1.634704000000000000e+06
1.650304000000000000e+06
1.723296000000000000e+06
1.844112000000000000e+06
1.861296000000000000e+06
1.734144000000000000e+06
1.675168000000000000e+06
1.847968000000000000e+06
1.751952000000000000e+06
1.602832000000000000e+06
1.732304000000000000e+06
1.629888000000000000e+06
1.823408000000000000e+06
1.818192000000000000e+06
1.856784000000000000e+06
1.742832000000000000e+06
1.720112000000000000e+06
1.840640000000000000e+06
1.872128000000000000e+06
1.770320000000000000e+06
1.795744000000000000e+06
1.712192000000000000e+06
1.776480000000000000e+06
1.765392000000000000e+06
1.881792000000000000e+06
1.782016000000000000e+06
1.789824000000000000e+06
1.742160000000000000e+06
1.786480000000000000e+06
1.615264000000000000e+06
1.720800000000000000e+06
1.768064000000000000e+06
1.606032000000000000e+06
1.658768000000000000e+06
1.732912000000000000e+06
2.027024000000000000e+06
1.866720000000000000e+06
1.745536000000000000e+06
1.743776000000000000e+06
1.775712000000000000e+06
1.733504000000000000e+06
1.880336000000000000e+06
1.681984000000000000e+06
1.828016000000000000e+06
1.736576000000000000e+06
1.740544000000000000e+06
1.656896000000000000e+06
1.782976000000000000e+06
1.681792000000000000e+06
1.643344000000000000e+06
1.648720000000000000e+06
1.617680000000000000e+06
1.670688000000000000e+06
1.703808000000000000e+06
1.689056000000000000e+06
1.809136000000000000e+06
1.614848000000000000e+06
1.696656000000000000e+06
1.679792000000000000e+06
1.683632000000000000e+06
1.701424000000000000e+06
1.599952000000000000e+06
1.550304000000000000e+06
1.600928000000000000e+06
1.633904000000000000e+06
1.562768000000000000e+06
1.630896000000000000e+06
1.504960000000000000e+06
1.417936000000000000e+06
1.591008000000000000e+06
1.493328000000000000e+06
1.460128000000000000e+06
1.288144000000000000e+06
1.473712000000000000e+06
1.518608000000000000e+06
1.519360000000000000e+06
1.490176000000000000e+06
1.315712000000000000e+06
1.408592000000000000e+06
1.354784000000000000e+06
1.448112000000000000e+06
1.446416000000000000e+06
1.436384000000000000e+06
1.375408000000000000e+06
1.383568000000000000e+06
1.424832000000000000e+06
1.325808000000000000e+06
1.326192000000000000e+06
1.354672000000000000e+06
1.221280000000000000e+06
1.124080000000000000e+06
1.237344000000000000e+06
1.302736000000000000e+06
1.204544000000000000e+06
1.136016000000000000e+06
1.246352000000000000e+06
1.182576000000000000e+06
1.249952000000000000e+06
1.208416000000000000e+06
1.134112000000000000e+06
1.090624000000000000e+06
1.051328000000000000e+06
1.139568000000000000e+06
1.149312000000000000e+06
1.092800000000000000e+06
8.870080000000000000e+05
1.076928000000000000e+06
1.091760000000000000e+06
1.142128000000000000e+06
9.940640000000000000e+05
9.852480000000000000e+05
1.140016000000000000e+06
1.044800000000000000e+06
1.084528000000000000e+06
1.077376000000000000e+06
1.008384000000000000e+06
1.003392000000000000e+06
1.034320000000000000e+06
9.411040000000000000e+05
9.633280000000000000e+05
8.880640000000000000e+05
9.843520000000000000e+05
1.032640000000000000e+06
9.328160000000000000e+05
9.333440000000000000e+05
8.674400000000000000e+05
8.715040000000000000e+05
9.548640000000000000e+05
8.735840000000000000e+05
8.969440000000000000e+05
7.569280000000000000e+05
7.401280000000000000e+05
7.645280000000000000e+05
7.456000000000000000e+05
8.467840000000000000e+05
8.088800000000000000e+05
7.744640000000000000e+05
8.051360000000000000e+05
7.516960000000000000e+05
6.817920000000000000e+05
7.517280000000000000e+05
7.626720000000000000e+05
7.088000000000000000e+05
7.416960000000000000e+05
7.661120000000000000e+05
6.548320000000000000e+05
7.326720000000000000e+05
7.976000000000000000e+05
7.201760000000000000e+05
7.369440000000000000e+05
7.160320000000000000e+05
7.480480000000000000e+05
6.712640000000000000e+05
6.688000000000000000e+05
6.586400000000000000e+05
6.733120000000000000e+05
7.655520000000000000e+05
6.547680000000000000e+05
6.144800000000000000e+05
6.636480000000000000e+05
6.715520000000000000e+05
6.333600000000000000e+05
6.746880000000000000e+05
6.837440000000000000e+05
5.857440000000000000e+05
6.390080000000000000e+05
5.809440000000000000e+05
6.312640000000000000e+05
5.885440000000000000e+05
5.883040000000000000e+05
5.449600000000000000e+05
5.315840000000000000e+05
5.139680000000000000e+05
5.798240000000000000e+05
6.292480000000000000e+05
5.697440000000000000e+05
4.869600000000000000e+05
5.253280000000000000e+05
5.430080000000000000e+05
4.964640000000000000e+05
5.225920000000000000e+05
5.316640000000000000e+05
5.185600000000000000e+05
5.343040000000000000e+05
4.388160000000000000e+05
4.586720000000000000e+05
4.677760000000000000e+05
5.128800000000000000e+05
4.547200000000000000e+05
4.703200000000000000e+05
4.665920000000000000e+05
5.149280000000000000e+05
4.606880000000000000e+05
4.934080000000000000e+05
4.406080000000000000e+05
4.474880000000000000e+05
4.023040000000000000e+05
4.277760000000000000e+05
3.273440000000000000e+05
5.479040000000000000e+05
4.386080000000000000e+05
3.921440000000000000e+05
4.096000000000000000e+05
5.008480000000000000e+05
5.081120000000000000e+05
3.950880000000000000e+05
4.150400000000000000e+05
4.003040000000000000e+05
3.903840000000000000e+05
3.992640000000000000e+05
3.661280000000000000e+05
3.687840000000000000e+05
3.685600000000000000e+05
3.530560000000000000e+05
3.604640000000000000e+05
4.377280000000000000e+05
3.757120000000000000e+05
4.001280000000000000e+05
3.938720000000000000e+05
3.468000000000000000e+05
3.736960000000000000e+05
3.619680000000000000e+05
3.927040000000000000e+05
3.555360000000000000e+05
3.447040000000000000e+05
4.066240000000000000e+05
4.267360000000000000e+05
3.664000000000000000e+05
3.621440000000000000e+05
4.439040000000000000e+05
4.102880000000000000e+05
4.002720000000000000e+05
3.376960000000000000e+05
3.209440000000000000e+05
3.914720000000000000e+05
3.991200000000000000e+05
3.529280000000000000e+05
3.069280000000000000e+05
3.230080000000000000e+05
3.934880000000000000e+05
3.619680000000000000e+05
3.629600000000000000e+05
2.993760000000000000e+05
3.155840000000000000e+05
3.642240000000000000e+05
3.667200000000000000e+05
3.024160000000000000e+05
3.699840000000000000e+05
3.237600000000000000e+05
3.435040000000000000e+05
3.597440000000000000e+05
3.759680000000000000e+05
3.519520000000000000e+05
3.317120000000000000e+05
2.940320000000000000e+05
3.162880000000000000e+05
2.881920000000000000e+05
3.417440000000000000e+05
3.512800000000000000e+05
3.587200000000000000e+05
2.837600000000000000e+05
3.532000000000000000e+05
3.483840000000000000e+05
2.789920000000000000e+05
2.958400000000000000e+05
2.864800000000000000e+05
3.044480000000000000e+05
3.091680000000000000e+05
3.187840000000000000e+05
2.910400000000000000e+05
2.973600000000000000e+05
3.429760000000000000e+05
3.256160000000000000e+05
3.516480000000000000e+05
2.981920000000000000e+05
3.291680000000000000e+05
3.279040000000000000e+05
3.146720000000000000e+05
3.368480000000000000e+05
2.978560000000000000e+05
2.505280000000000000e+05
3.034080000000000000e+05
2.808000000000000000e+05
2.808960000000000000e+05
3.156000000000000000e+05
2.841600000000000000e+05
3.524480000000000000e+05
2.751360000000000000e+05
3.027360000000000000e+05
2.816480000000000000e+05
2.887520000000000000e+05
2.532160000000000000e+05
2.705280000000000000e+05
2.353600000000000000e+05
2.828800000000000000e+05
3.185280000000000000e+05
2.389120000000000000e+05
2.798880000000000000e+05
2.636640000000000000e+05
2.172960000000000000e+05
2.828640000000000000e+05
3.085440000000000000e+05
2.400320000000000000e+05
2.617440000000000000e+05
2.829280000000000000e+05
2.700800000000000000e+05
2.245280000000000000e+05
1.944640000000000000e+05
2.347200000000000000e+05
2.704160000000000000e+05
2.504320000000000000e+05
2.357120000000000000e+05
2.504800000000000000e+05
2.208480000000000000e+05
2.525120000000000000e+05
2.637440000000000000e+05
2.514080000000000000e+05
2.669280000000000000e+05
3.175360000000000000e+05
2.356640000000000000e+05
1.967680000000000000e+05
3.396960000000000000e+05
2.511680000000000000e+05
3.049440000000000000e+05
1.891360000000000000e+05
2.018240000000000000e+05
3.387520000000000000e+05
2.439520000000000000e+05
2.909120000000000000e+05
2.656320000000000000e+05
3.036000000000000000e+05
2.718240000000000000e+05
2.209120000000000000e+05
2.638080000000000000e+05
2.184000000000000000e+05
2.361280000000000000e+05
3.116960000000000000e+05
2.333120000000000000e+05
2.652960000000000000e+05
2.943040000000000000e+05
2.358400000000000000e+05
2.810720000000000000e+05
2.306880000000000000e+05
2.816000000000000000e+05
2.189600000000000000e+05
2.292320000000000000e+05
2.331680000000000000e+05
2.354880000000000000e+05
2.716480000000000000e+05
2.136320000000000000e+05
2.608960000000000000e+05
2.396480000000000000e+05
2.576960000000000000e+05
2.409760000000000000e+05
2.276480000000000000e+05
2.553440000000000000e+05
2.120160000000000000e+05
3.812960000000000000e+05
1.650400000000000000e+05
2.634240000000000000e+05
2.260640000000000000e+05
3.270240000000000000e+05
2.451840000000000000e+05
2.191200000000000000e+05
2.428480000000000000e+05
2.622240000000000000e+05
1.952320000000000000e+05
2.423520000000000000e+05
2.544000000000000000e+05
2.304320000000000000e+05
2.206080000000000000e+05
2.434240000000000000e+05
2.705920000000000000e+05
2.254400000000000000e+05
1.865920000000000000e+05
2.129760000000000000e+05
1.889920000000000000e+05
2.232640000000000000e+05
2.723840000000000000e+05
1.861440000000000000e+05
1.652480000000000000e+05
2.680960000000000000e+05
2.523520000000000000e+05
2.452800000000000000e+05
2.676480000000000000e+05
2.339840000000000000e+05
2.212960000000000000e+05
2.028160000000000000e+05
2.679200000000000000e+05
1.938400000000000000e+05
2.282240000000000000e+05
2.620640000000000000e+05
1.952800000000000000e+05
2.310240000000000000e+05
2.423840000000000000e+05
2.382560000000000000e+05
2.154560000000000000e+05
2.010240000000000000e+05
1.886880000000000000e+05
2.072320000000000000e+05
1.780000000000000000e+05
2.237440000000000000e+05
2.788960000000000000e+05
2.290400000000000000e+05
2.113760000000000000e+05
2.318720000000000000e+05
2.083200000000000000e+05
2.289280000000000000e+05
2.592640000000000000e+05
2.182880000000000000e+05
1.576480000000000000e+05
2.000640000000000000e+05
2.518560000000000000e+05
2.244480000000000000e+05
2.362400000000000000e+05
2.141440000000000000e+05
2.023360000000000000e+05
2.295840000000000000e+05
1.538880000000000000e+05
1.984640000000000000e+05
1.840320000000000000e+05
2.190080000000000000e+05
2.623200000000000000e+05
2.714880000000000000e+05
2.403360000000000000e+05
2.358400000000000000e+05
2.510240000000000000e+05
1.952320000000000000e+05
2.138080000000000000e+05
1.960000000000000000e+05
2.117120000000000000e+05
2.456640000000000000e+05
3.092800000000000000e+05
2.057600000000000000e+05
2.316800000000000000e+05
2.365120000000000000e+05
2.149920000000000000e+05
2.026880000000000000e+05
1.850880000000000000e+05
2.484000000000000000e+05
1.885440000000000000e+05
2.051040000000000000e+05
1.829920000000000000e+05
2.645280000000000000e+05
2.535520000000000000e+05
2.112320000000000000e+05
2.066720000000000000e+05
1.941760000000000000e+05
1.921600000000000000e+05
1.952160000000000000e+05
1.956160000000000000e+05
2.234560000000000000e+05
1.848160000000000000e+05
1.716960000000000000e+05
2.861600000000000000e+05
2.020320000000000000e+05
1.844000000000000000e+05
1.952800000000000000e+05
2.437280000000000000e+05
2.065600000000000000e+05
2.336320000000000000e+05
2.032640000000000000e+05
2.068160000000000000e+05
2.469120000000000000e+05
1.806400000000000000e+05
1.728000000000000000e+05
1.798880000000000000e+05
1.765600000000000000e+05
2.003520000000000000e+05
2.387840000000000000e+05
1.923360000000000000e+05
1.790240000000000000e+05
1.912160000000000000e+05
1.970240000000000000e+05
3.062560000000000000e+05
1.659680000000000000e+05
2.052000000000000000e+05
1.899840000000000000e+05
2.032160000000000000e+05
0.000000000000000000e+00
