1.000000000000000000e+00 3.797666784000000000e+09
2.000000000000000000e+00 3.848951296000000000e+09
3.000000000000000000e+00 3.912854352000000000e+09
4.000000000000000000e+00 3.865252208000000000e+09
5.000000000000000000e+00 3.886552976000000000e+09
6.000000000000000000e+00 3.884686384000000000e+09
7.000000000000000000e+00 3.759247472000000000e+09
8.000000000000000000e+00 3.778848064000000000e+09
9.000000000000000000e+00 3.755550672000000000e+09
1.000000000000000000e+01 3.775321264000000000e+09
1.100000000000000000e+01 3.908386736000000000e+09
1.200000000000000000e+01 3.841533792000000000e+09
1.300000000000000000e+01 3.868338432000000000e+09
1.400000000000000000e+01 3.820616752000000000e+09
1.500000000000000000e+01 3.733103600000000000e+09
1.600000000000000000e+01 3.808799040000000000e+09
1.700000000000000000e+01 3.793917296000000000e+09
1.800000000000000000e+01 3.751531632000000000e+09
1.900000000000000000e+01 3.810861872000000000e+09
2.000000000000000000e+01 3.709255760000000000e+09
2.100000000000000000e+01 3.689072128000000000e+09
2.200000000000000000e+01 3.596998288000000000e+09
2.300000000000000000e+01 3.596030480000000000e+09
2.400000000000000000e+01 3.611597744000000000e+09
2.500000000000000000e+01 3.608479424000000000e+09
2.600000000000000000e+01 3.645354656000000000e+09
2.700000000000000000e+01 3.696705616000000000e+09
2.800000000000000000e+01 3.900332976000000000e+09
2.900000000000000000e+01 3.682365024000000000e+09
3.000000000000000000e+01 3.677225456000000000e+09
3.100000000000000000e+01 3.846119744000000000e+09
3.200000000000000000e+01 3.615683856000000000e+09
3.300000000000000000e+01 3.608208704000000000e+09
3.400000000000000000e+01 3.731128560000000000e+09
3.500000000000000000e+01 3.637192320000000000e+09
3.600000000000000000e+01 3.753312848000000000e+09
3.700000000000000000e+01 3.612131712000000000e+09
3.800000000000000000e+01 3.658134304000000000e+09
3.900000000000000000e+01 3.724756544000000000e+09
4.000000000000000000e+01 3.685525728000000000e+09
4.100000000000000000e+01 3.588480944000000000e+09
4.200000000000000000e+01 3.538539024000000000e+09
4.300000000000000000e+01 3.558833488000000000e+09
4.400000000000000000e+01 3.639192704000000000e+09
4.500000000000000000e+01 3.547440736000000000e+09
4.600000000000000000e+01 3.613243424000000000e+09
4.700000000000000000e+01 3.616273664000000000e+09
4.800000000000000000e+01 3.626678672000000000e+09
4.900000000000000000e+01 3.644804496000000000e+09
5.000000000000000000e+01 3.557471808000000000e+09
5.100000000000000000e+01 3.631614208000000000e+09
5.200000000000000000e+01 3.647378208000000000e+09
5.300000000000000000e+01 3.699430448000000000e+09
5.400000000000000000e+01 3.676314032000000000e+09
5.500000000000000000e+01 3.667794464000000000e+09
5.600000000000000000e+01 3.625330032000000000e+09
5.700000000000000000e+01 3.623300112000000000e+09
5.800000000000000000e+01 3.696400304000000000e+09
5.900000000000000000e+01 3.762264880000000000e+09
6.000000000000000000e+01 3.680147984000000000e+09
6.100000000000000000e+01 3.759426768000000000e+09
6.200000000000000000e+01 3.760046624000000000e+09
6.300000000000000000e+01 3.732640000000000000e+09
6.400000000000000000e+01 3.664673392000000000e+09
6.500000000000000000e+01 3.629254336000000000e+09
6.600000000000000000e+01 3.548981216000000000e+09
6.700000000000000000e+01 3.642131184000000000e+09
6.800000000000000000e+01 3.761244080000000000e+09
6.900000000000000000e+01 3.636839216000000000e+09
7.000000000000000000e+01 3.778821072000000000e+09
7.100000000000000000e+01 3.622366032000000000e+09
7.200000000000000000e+01 3.621945072000000000e+09
7.300000000000000000e+01 3.648411120000000000e+09
7.400000000000000000e+01 3.537455120000000000e+09
7.500000000000000000e+01 3.564751936000000000e+09
7.600000000000000000e+01 3.634502944000000000e+09
7.700000000000000000e+01 3.623077072000000000e+09
7.800000000000000000e+01 3.668571024000000000e+09
7.900000000000000000e+01 3.759425552000000000e+09
8.000000000000000000e+01 3.740740320000000000e+09
8.100000000000000000e+01 3.676224320000000000e+09
8.200000000000000000e+01 3.723912736000000000e+09
8.300000000000000000e+01 3.686511248000000000e+09
8.400000000000000000e+01 3.643456880000000000e+09
8.500000000000000000e+01 3.692203136000000000e+09
8.600000000000000000e+01 3.714284864000000000e+09
8.700000000000000000e+01 3.592618656000000000e+09
8.800000000000000000e+01 3.541063680000000000e+09
8.900000000000000000e+01 3.613423648000000000e+09
9.000000000000000000e+01 3.586933520000000000e+09
9.100000000000000000e+01 3.672120864000000000e+09
9.200000000000000000e+01 3.599167712000000000e+09
9.300000000000000000e+01 3.630835792000000000e+09
9.400000000000000000e+01 3.650422496000000000e+09
9.500000000000000000e+01 3.650487424000000000e+09
9.600000000000000000e+01 3.572009040000000000e+09
9.700000000000000000e+01 3.631754816000000000e+09
9.800000000000000000e+01 3.635718768000000000e+09
9.900000000000000000e+01 3.669598864000000000e+09
1.000000000000000000e+02 3.672364880000000000e+09
1.010000000000000000e+02 3.621262736000000000e+09
1.020000000000000000e+02 3.559481616000000000e+09
1.030000000000000000e+02 3.551428752000000000e+09
1.040000000000000000e+02 3.657671904000000000e+09
1.050000000000000000e+02 3.629043760000000000e+09
1.060000000000000000e+02 3.621196672000000000e+09
1.070000000000000000e+02 3.583683216000000000e+09
1.080000000000000000e+02 3.613593952000000000e+09
1.090000000000000000e+02 3.575404352000000000e+09
1.100000000000000000e+02 3.507127184000000000e+09
1.110000000000000000e+02 3.532327568000000000e+09
1.120000000000000000e+02 3.513888048000000000e+09
1.130000000000000000e+02 3.493983072000000000e+09
1.140000000000000000e+02 3.482353520000000000e+09
1.150000000000000000e+02 3.380972480000000000e+09
1.160000000000000000e+02 3.401240368000000000e+09
1.170000000000000000e+02 3.365946880000000000e+09
1.180000000000000000e+02 3.283240256000000000e+09
1.190000000000000000e+02 3.377368560000000000e+09
1.200000000000000000e+02 3.371464656000000000e+09
1.210000000000000000e+02 3.362093632000000000e+09
1.220000000000000000e+02 3.309941760000000000e+09
1.230000000000000000e+02 3.314250544000000000e+09
1.240000000000000000e+02 3.320372240000000000e+09
1.250000000000000000e+02 3.429285248000000000e+09
1.260000000000000000e+02 3.397273408000000000e+09
1.270000000000000000e+02 3.331717136000000000e+09
1.280000000000000000e+02 3.312282208000000000e+09
1.290000000000000000e+02 3.372032784000000000e+09
1.300000000000000000e+02 3.408017072000000000e+09
1.310000000000000000e+02 3.429464464000000000e+09
1.320000000000000000e+02 3.417692880000000000e+09
1.330000000000000000e+02 3.390259984000000000e+09
1.340000000000000000e+02 3.365558528000000000e+09
1.350000000000000000e+02 3.417175952000000000e+09
1.360000000000000000e+02 3.332807840000000000e+09
1.370000000000000000e+02 3.359728272000000000e+09
1.380000000000000000e+02 3.435252832000000000e+09
1.390000000000000000e+02 3.328474864000000000e+09
1.400000000000000000e+02 3.382275472000000000e+09
1.410000000000000000e+02 3.395550528000000000e+09
1.420000000000000000e+02 3.396939680000000000e+09
1.430000000000000000e+02 3.354090112000000000e+09
1.440000000000000000e+02 3.309107216000000000e+09
1.450000000000000000e+02 3.346215328000000000e+09
1.460000000000000000e+02 3.338115248000000000e+09
1.470000000000000000e+02 3.406598800000000000e+09
1.480000000000000000e+02 3.345011920000000000e+09
1.490000000000000000e+02 3.272599760000000000e+09
1.500000000000000000e+02 3.405252768000000000e+09
1.510000000000000000e+02 3.270280736000000000e+09
1.520000000000000000e+02 3.367124992000000000e+09
1.530000000000000000e+02 3.480586512000000000e+09
1.540000000000000000e+02 3.397886656000000000e+09
1.550000000000000000e+02 3.354184752000000000e+09
1.560000000000000000e+02 3.394909440000000000e+09
1.570000000000000000e+02 3.346853104000000000e+09
1.580000000000000000e+02 3.252601072000000000e+09
1.590000000000000000e+02 3.307519408000000000e+09
1.600000000000000000e+02 3.407508752000000000e+09
1.610000000000000000e+02 3.315966896000000000e+09
1.620000000000000000e+02 3.354038512000000000e+09
1.630000000000000000e+02 3.403513120000000000e+09
1.640000000000000000e+02 3.318409712000000000e+09
1.650000000000000000e+02 3.430098496000000000e+09
1.660000000000000000e+02 3.304452112000000000e+09
1.670000000000000000e+02 3.359383536000000000e+09
1.680000000000000000e+02 3.277936944000000000e+09
1.690000000000000000e+02 3.298457888000000000e+09
1.700000000000000000e+02 3.215788384000000000e+09
1.710000000000000000e+02 3.315091520000000000e+09
1.720000000000000000e+02 3.279010848000000000e+09
1.730000000000000000e+02 3.291105168000000000e+09
1.740000000000000000e+02 3.324817728000000000e+09
1.750000000000000000e+02 3.258234768000000000e+09
1.760000000000000000e+02 3.376420736000000000e+09
1.770000000000000000e+02 3.281057744000000000e+09
1.780000000000000000e+02 3.227477328000000000e+09
1.790000000000000000e+02 3.263455712000000000e+09
1.800000000000000000e+02 3.267019920000000000e+09
1.810000000000000000e+02 3.245359840000000000e+09
1.820000000000000000e+02 3.360000848000000000e+09
1.830000000000000000e+02 3.254137472000000000e+09
1.840000000000000000e+02 3.402429760000000000e+09
1.850000000000000000e+02 3.328290160000000000e+09
1.860000000000000000e+02 3.260627952000000000e+09
1.870000000000000000e+02 3.276475296000000000e+09
1.880000000000000000e+02 3.348924832000000000e+09
1.890000000000000000e+02 3.267804640000000000e+09
1.900000000000000000e+02 3.235379824000000000e+09
1.910000000000000000e+02 3.402638064000000000e+09
1.920000000000000000e+02 3.307752784000000000e+09
1.930000000000000000e+02 3.217746032000000000e+09
1.940000000000000000e+02 3.241122704000000000e+09
1.950000000000000000e+02 3.292217376000000000e+09
1.960000000000000000e+02 3.298509984000000000e+09
1.970000000000000000e+02 3.250850240000000000e+09
1.980000000000000000e+02 3.253904256000000000e+09
1.990000000000000000e+02 3.241430480000000000e+09
2.000000000000000000e+02 3.340727920000000000e+09
2.010000000000000000e+02 3.175144096000000000e+09
2.020000000000000000e+02 3.306495232000000000e+09
2.030000000000000000e+02 3.257154352000000000e+09
2.040000000000000000e+02 3.315154544000000000e+09
2.050000000000000000e+02 3.288550720000000000e+09
2.060000000000000000e+02 3.257293600000000000e+09
2.070000000000000000e+02 3.268574896000000000e+09
2.080000000000000000e+02 3.234134176000000000e+09
2.090000000000000000e+02 3.196112976000000000e+09
2.100000000000000000e+02 3.264182240000000000e+09
2.110000000000000000e+02 3.279794592000000000e+09
2.120000000000000000e+02 3.268890608000000000e+09
2.130000000000000000e+02 3.244643408000000000e+09
2.140000000000000000e+02 3.241642816000000000e+09
2.150000000000000000e+02 3.285113280000000000e+09
2.160000000000000000e+02 3.252572016000000000e+09
2.170000000000000000e+02 3.222924224000000000e+09
2.180000000000000000e+02 3.203248624000000000e+09
2.190000000000000000e+02 3.199692512000000000e+09
2.200000000000000000e+02 3.178646848000000000e+09
2.210000000000000000e+02 3.228679008000000000e+09
2.220000000000000000e+02 3.145880144000000000e+09
2.230000000000000000e+02 3.200459968000000000e+09
2.240000000000000000e+02 3.297074944000000000e+09
2.250000000000000000e+02 3.153380496000000000e+09
2.260000000000000000e+02 3.281495680000000000e+09
2.270000000000000000e+02 3.290509104000000000e+09
2.280000000000000000e+02 3.310668832000000000e+09
2.290000000000000000e+02 3.345566992000000000e+09
2.300000000000000000e+02 3.268858736000000000e+09
2.310000000000000000e+02 3.198729408000000000e+09
2.320000000000000000e+02 3.259891008000000000e+09
2.330000000000000000e+02 3.335022976000000000e+09
2.340000000000000000e+02 3.210811552000000000e+09
2.350000000000000000e+02 3.221099072000000000e+09
2.360000000000000000e+02 3.162071568000000000e+09
2.370000000000000000e+02 3.310194912000000000e+09
2.380000000000000000e+02 3.251089584000000000e+09
2.390000000000000000e+02 3.231511424000000000e+09
2.400000000000000000e+02 3.240682160000000000e+09
2.410000000000000000e+02 3.198895376000000000e+09
2.420000000000000000e+02 3.202883184000000000e+09
2.430000000000000000e+02 3.201439040000000000e+09
2.440000000000000000e+02 3.196628176000000000e+09
2.450000000000000000e+02 3.134638336000000000e+09
2.460000000000000000e+02 3.223098912000000000e+09
2.470000000000000000e+02 3.149507552000000000e+09
2.480000000000000000e+02 3.218259424000000000e+09
2.490000000000000000e+02 3.235162592000000000e+09
2.500000000000000000e+02 3.150085440000000000e+09
2.510000000000000000e+02 3.183371008000000000e+09
2.520000000000000000e+02 3.134414448000000000e+09
2.530000000000000000e+02 3.221046416000000000e+09
2.540000000000000000e+02 3.149111744000000000e+09
2.550000000000000000e+02 3.140588720000000000e+09
2.560000000000000000e+02 3.274950672000000000e+09
2.570000000000000000e+02 3.168678944000000000e+09
2.580000000000000000e+02 3.162937504000000000e+09
2.590000000000000000e+02 3.245568192000000000e+09
2.600000000000000000e+02 3.236945488000000000e+09
2.610000000000000000e+02 3.233856544000000000e+09
2.620000000000000000e+02 3.125489088000000000e+09
2.630000000000000000e+02 3.130756112000000000e+09
2.640000000000000000e+02 3.200645872000000000e+09
2.650000000000000000e+02 3.209915824000000000e+09
2.660000000000000000e+02 3.205230656000000000e+09
2.670000000000000000e+02 3.267709328000000000e+09
2.680000000000000000e+02 3.132143584000000000e+09
2.690000000000000000e+02 3.224641296000000000e+09
2.700000000000000000e+02 3.120107216000000000e+09
2.710000000000000000e+02 3.198854128000000000e+09
2.720000000000000000e+02 3.237899632000000000e+09
2.730000000000000000e+02 3.089480576000000000e+09
2.740000000000000000e+02 3.257281792000000000e+09
2.750000000000000000e+02 3.213817616000000000e+09
2.760000000000000000e+02 3.199617440000000000e+09
2.770000000000000000e+02 3.216041440000000000e+09
2.780000000000000000e+02 3.137889296000000000e+09
2.790000000000000000e+02 3.157628496000000000e+09
2.800000000000000000e+02 3.160589920000000000e+09
2.810000000000000000e+02 3.166749056000000000e+09
2.820000000000000000e+02 3.128793088000000000e+09
2.830000000000000000e+02 3.129347728000000000e+09
2.840000000000000000e+02 3.155678736000000000e+09
2.850000000000000000e+02 3.207966544000000000e+09
2.860000000000000000e+02 3.139705264000000000e+09
2.870000000000000000e+02 3.140226944000000000e+09
2.880000000000000000e+02 3.177199472000000000e+09
2.890000000000000000e+02 3.165216416000000000e+09
2.900000000000000000e+02 3.182185552000000000e+09
2.910000000000000000e+02 3.144333728000000000e+09
2.920000000000000000e+02 3.197899616000000000e+09
2.930000000000000000e+02 3.143939472000000000e+09
2.940000000000000000e+02 3.169931472000000000e+09
2.950000000000000000e+02 3.141769904000000000e+09
2.960000000000000000e+02 3.213388160000000000e+09
2.970000000000000000e+02 3.176005456000000000e+09
2.980000000000000000e+02 3.125229888000000000e+09
2.990000000000000000e+02 3.131762192000000000e+09
3.000000000000000000e+02 3.043642096000000000e+09
3.010000000000000000e+02 3.088488400000000000e+09
3.020000000000000000e+02 3.070231184000000000e+09
3.030000000000000000e+02 3.060006048000000000e+09
3.040000000000000000e+02 3.116724944000000000e+09
3.050000000000000000e+02 3.114882176000000000e+09
3.060000000000000000e+02 3.115350336000000000e+09
3.070000000000000000e+02 3.087141584000000000e+09
3.080000000000000000e+02 3.027762976000000000e+09
3.090000000000000000e+02 3.101345680000000000e+09
3.100000000000000000e+02 3.169944656000000000e+09
3.110000000000000000e+02 3.086994160000000000e+09
3.120000000000000000e+02 3.209228064000000000e+09
3.130000000000000000e+02 3.159504528000000000e+09
3.140000000000000000e+02 3.086054224000000000e+09
3.150000000000000000e+02 3.147930560000000000e+09
3.160000000000000000e+02 3.089167584000000000e+09
3.170000000000000000e+02 3.172370656000000000e+09
3.180000000000000000e+02 3.271730416000000000e+09
3.190000000000000000e+02 3.129402160000000000e+09
3.200000000000000000e+02 3.172858960000000000e+09
3.210000000000000000e+02 3.141996144000000000e+09
3.220000000000000000e+02 3.197079264000000000e+09
3.230000000000000000e+02 3.115822704000000000e+09
3.240000000000000000e+02 3.119616720000000000e+09
3.250000000000000000e+02 3.135665824000000000e+09
3.260000000000000000e+02 3.160262448000000000e+09
3.270000000000000000e+02 3.062705472000000000e+09
3.280000000000000000e+02 3.170411856000000000e+09
3.290000000000000000e+02 3.201457152000000000e+09
3.300000000000000000e+02 3.055701552000000000e+09
3.310000000000000000e+02 3.089535424000000000e+09
3.320000000000000000e+02 3.195972608000000000e+09
3.330000000000000000e+02 3.043671776000000000e+09
3.340000000000000000e+02 3.115797760000000000e+09
3.350000000000000000e+02 3.138515424000000000e+09
3.360000000000000000e+02 3.075874224000000000e+09
3.370000000000000000e+02 3.087937840000000000e+09
3.380000000000000000e+02 3.139678944000000000e+09
3.390000000000000000e+02 3.084245984000000000e+09
3.400000000000000000e+02 3.125111616000000000e+09
3.410000000000000000e+02 3.130471648000000000e+09
3.420000000000000000e+02 3.153261680000000000e+09
3.430000000000000000e+02 3.095637184000000000e+09
3.440000000000000000e+02 3.174083728000000000e+09
3.450000000000000000e+02 3.051624288000000000e+09
3.460000000000000000e+02 3.112197264000000000e+09
3.470000000000000000e+02 3.176529792000000000e+09
3.480000000000000000e+02 3.060439408000000000e+09
3.490000000000000000e+02 3.105634512000000000e+09
3.500000000000000000e+02 3.136189728000000000e+09
3.510000000000000000e+02 3.098676208000000000e+09
3.520000000000000000e+02 3.173613920000000000e+09
3.530000000000000000e+02 3.182066832000000000e+09
3.540000000000000000e+02 3.078346032000000000e+09
3.550000000000000000e+02 3.138422704000000000e+09
3.560000000000000000e+02 3.107489904000000000e+09
3.570000000000000000e+02 3.146566544000000000e+09
3.580000000000000000e+02 3.096934480000000000e+09
3.590000000000000000e+02 3.105266608000000000e+09
3.600000000000000000e+02 3.099824912000000000e+09
3.610000000000000000e+02 3.046243680000000000e+09
3.620000000000000000e+02 3.104780864000000000e+09
3.630000000000000000e+02 3.077243552000000000e+09
3.640000000000000000e+02 3.184181056000000000e+09
3.650000000000000000e+02 3.008045392000000000e+09
3.660000000000000000e+02 3.203918400000000000e+09
3.670000000000000000e+02 3.053061872000000000e+09
3.680000000000000000e+02 3.147486928000000000e+09
3.690000000000000000e+02 3.091673024000000000e+09
3.700000000000000000e+02 3.031574320000000000e+09
3.710000000000000000e+02 2.972153712000000000e+09
3.720000000000000000e+02 3.014881904000000000e+09
3.730000000000000000e+02 3.102288752000000000e+09
3.740000000000000000e+02 3.045186880000000000e+09
3.750000000000000000e+02 3.144996704000000000e+09
3.760000000000000000e+02 3.169009456000000000e+09
3.770000000000000000e+02 3.190978944000000000e+09
3.780000000000000000e+02 3.112287152000000000e+09
3.790000000000000000e+02 3.151209104000000000e+09
3.800000000000000000e+02 3.170787776000000000e+09
3.810000000000000000e+02 3.173863968000000000e+09
3.820000000000000000e+02 3.151730192000000000e+09
3.830000000000000000e+02 3.122648912000000000e+09
3.840000000000000000e+02 3.082310640000000000e+09
3.850000000000000000e+02 3.227178352000000000e+09
3.860000000000000000e+02 3.074457632000000000e+09
3.870000000000000000e+02 3.113674656000000000e+09
3.880000000000000000e+02 3.157528896000000000e+09
3.890000000000000000e+02 3.115724960000000000e+09
3.900000000000000000e+02 3.108860560000000000e+09
3.910000000000000000e+02 3.139930320000000000e+09
3.920000000000000000e+02 3.237143552000000000e+09
3.930000000000000000e+02 3.102102624000000000e+09
3.940000000000000000e+02 3.060572848000000000e+09
3.950000000000000000e+02 3.150549920000000000e+09
3.960000000000000000e+02 3.105196896000000000e+09
3.970000000000000000e+02 3.045292352000000000e+09
3.980000000000000000e+02 3.074445488000000000e+09
3.990000000000000000e+02 3.046610720000000000e+09
4.000000000000000000e+02 3.127001968000000000e+09
4.010000000000000000e+02 3.117526832000000000e+09
4.020000000000000000e+02 3.054495856000000000e+09
4.030000000000000000e+02 2.992061248000000000e+09
4.040000000000000000e+02 3.047180032000000000e+09
4.050000000000000000e+02 3.153918688000000000e+09
4.060000000000000000e+02 3.046604560000000000e+09
4.070000000000000000e+02 3.064951072000000000e+09
4.080000000000000000e+02 3.094235776000000000e+09
4.090000000000000000e+02 3.076318976000000000e+09
4.100000000000000000e+02 3.114090384000000000e+09
4.110000000000000000e+02 3.081261200000000000e+09
4.120000000000000000e+02 3.012577344000000000e+09
4.130000000000000000e+02 2.973356176000000000e+09
4.140000000000000000e+02 3.000617680000000000e+09
4.150000000000000000e+02 3.049313840000000000e+09
4.160000000000000000e+02 3.037100448000000000e+09
4.170000000000000000e+02 3.028846032000000000e+09
4.180000000000000000e+02 3.066781664000000000e+09
4.190000000000000000e+02 2.926021712000000000e+09
4.200000000000000000e+02 3.078536368000000000e+09
4.210000000000000000e+02 2.921871248000000000e+09
4.220000000000000000e+02 2.985022864000000000e+09
4.230000000000000000e+02 2.951573920000000000e+09
4.240000000000000000e+02 3.043712272000000000e+09
4.250000000000000000e+02 3.036711792000000000e+09
4.260000000000000000e+02 2.993008368000000000e+09
4.270000000000000000e+02 3.004114880000000000e+09
4.280000000000000000e+02 3.060420064000000000e+09
4.290000000000000000e+02 3.024785888000000000e+09
4.300000000000000000e+02 3.028007728000000000e+09
4.310000000000000000e+02 3.060066640000000000e+09
4.320000000000000000e+02 3.057445184000000000e+09
4.330000000000000000e+02 3.033821616000000000e+09
4.340000000000000000e+02 3.110025536000000000e+09
4.350000000000000000e+02 3.106655184000000000e+09
4.360000000000000000e+02 3.074687040000000000e+09
4.370000000000000000e+02 3.045602528000000000e+09
4.380000000000000000e+02 3.060893680000000000e+09
4.390000000000000000e+02 3.039157184000000000e+09
4.400000000000000000e+02 3.016220000000000000e+09
4.410000000000000000e+02 3.035488160000000000e+09
4.420000000000000000e+02 3.026741984000000000e+09
4.430000000000000000e+02 3.029081888000000000e+09
4.440000000000000000e+02 3.084041408000000000e+09
4.450000000000000000e+02 3.098127808000000000e+09
4.460000000000000000e+02 3.066727376000000000e+09
4.470000000000000000e+02 3.211845904000000000e+09
4.480000000000000000e+02 3.062920048000000000e+09
4.490000000000000000e+02 3.001166576000000000e+09
4.500000000000000000e+02 3.068126816000000000e+09
4.510000000000000000e+02 3.078461984000000000e+09
4.520000000000000000e+02 3.083616768000000000e+09
4.530000000000000000e+02 3.058432080000000000e+09
4.540000000000000000e+02 3.049332336000000000e+09
4.550000000000000000e+02 2.947763072000000000e+09
4.560000000000000000e+02 3.018257824000000000e+09
4.570000000000000000e+02 3.011088656000000000e+09
4.580000000000000000e+02 3.014601920000000000e+09
4.590000000000000000e+02 3.140908048000000000e+09
4.600000000000000000e+02 3.093332688000000000e+09
4.610000000000000000e+02 3.079064336000000000e+09
4.620000000000000000e+02 3.020288160000000000e+09
4.630000000000000000e+02 2.971256320000000000e+09
4.640000000000000000e+02 2.986940720000000000e+09
4.650000000000000000e+02 2.974175344000000000e+09
4.660000000000000000e+02 3.085142768000000000e+09
4.670000000000000000e+02 3.022021248000000000e+09
4.680000000000000000e+02 3.145672288000000000e+09
4.690000000000000000e+02 2.943677824000000000e+09
4.700000000000000000e+02 3.005572912000000000e+09
4.710000000000000000e+02 3.029236304000000000e+09
4.720000000000000000e+02 3.084920944000000000e+09
4.730000000000000000e+02 3.051756336000000000e+09
4.740000000000000000e+02 2.992586560000000000e+09
4.750000000000000000e+02 2.933883664000000000e+09
4.760000000000000000e+02 2.900765024000000000e+09
4.770000000000000000e+02 3.016209120000000000e+09
4.780000000000000000e+02 3.013080672000000000e+09
4.790000000000000000e+02 2.989111376000000000e+09
4.800000000000000000e+02 2.999202912000000000e+09
4.810000000000000000e+02 2.897099344000000000e+09
4.820000000000000000e+02 2.945772480000000000e+09
4.830000000000000000e+02 3.034419280000000000e+09
4.840000000000000000e+02 2.992807600000000000e+09
4.850000000000000000e+02 2.999823264000000000e+09
4.860000000000000000e+02 3.053343184000000000e+09
4.870000000000000000e+02 3.037953696000000000e+09
4.880000000000000000e+02 2.962578096000000000e+09
4.890000000000000000e+02 3.042799616000000000e+09
4.900000000000000000e+02 2.976117280000000000e+09
4.910000000000000000e+02 2.969817648000000000e+09
4.920000000000000000e+02 2.978464096000000000e+09
4.930000000000000000e+02 2.892365424000000000e+09
4.940000000000000000e+02 3.023100816000000000e+09
4.950000000000000000e+02 3.023064544000000000e+09
4.960000000000000000e+02 2.948503392000000000e+09
4.970000000000000000e+02 2.885693584000000000e+09
4.980000000000000000e+02 2.966983232000000000e+09
4.990000000000000000e+02 2.926404608000000000e+09
5.000000000000000000e+02 3.042151536000000000e+09
5.010000000000000000e+02 2.882098240000000000e+09
5.020000000000000000e+02 2.875177328000000000e+09
5.030000000000000000e+02 2.935712128000000000e+09
5.040000000000000000e+02 2.974650640000000000e+09
5.050000000000000000e+02 2.927792192000000000e+09
5.060000000000000000e+02 2.968092672000000000e+09
5.070000000000000000e+02 2.960234032000000000e+09
5.080000000000000000e+02 2.866422560000000000e+09
5.090000000000000000e+02 2.919919600000000000e+09
5.100000000000000000e+02 2.875291872000000000e+09
5.110000000000000000e+02 2.963206416000000000e+09
5.120000000000000000e+02 2.866288128000000000e+09
5.130000000000000000e+02 2.894130128000000000e+09
5.140000000000000000e+02 2.919940224000000000e+09
5.150000000000000000e+02 2.898735152000000000e+09
5.160000000000000000e+02 2.863268192000000000e+09
5.170000000000000000e+02 3.047197520000000000e+09
5.180000000000000000e+02 2.897633024000000000e+09
5.190000000000000000e+02 2.902266976000000000e+09
5.200000000000000000e+02 2.903988832000000000e+09
5.210000000000000000e+02 3.024127920000000000e+09
5.220000000000000000e+02 2.811590240000000000e+09
5.230000000000000000e+02 2.825168064000000000e+09
5.240000000000000000e+02 2.863185888000000000e+09
5.250000000000000000e+02 3.008456032000000000e+09
5.260000000000000000e+02 2.884101248000000000e+09
5.270000000000000000e+02 2.889891312000000000e+09
5.280000000000000000e+02 2.824334032000000000e+09
5.290000000000000000e+02 2.902681264000000000e+09
5.300000000000000000e+02 2.905105408000000000e+09
5.310000000000000000e+02 3.037333472000000000e+09
5.320000000000000000e+02 2.945879536000000000e+09
5.330000000000000000e+02 3.021153232000000000e+09
5.340000000000000000e+02 2.862177136000000000e+09
5.350000000000000000e+02 2.916258720000000000e+09
5.360000000000000000e+02 2.827268480000000000e+09
5.370000000000000000e+02 2.925354512000000000e+09
5.380000000000000000e+02 2.952064176000000000e+09
5.390000000000000000e+02 2.969308800000000000e+09
5.400000000000000000e+02 2.980191312000000000e+09
5.410000000000000000e+02 2.980728176000000000e+09
5.420000000000000000e+02 2.975112304000000000e+09
5.430000000000000000e+02 2.961576880000000000e+09
5.440000000000000000e+02 2.897026288000000000e+09
5.450000000000000000e+02 3.059465744000000000e+09
5.460000000000000000e+02 2.926221504000000000e+09
5.470000000000000000e+02 2.996222912000000000e+09
5.480000000000000000e+02 3.088816896000000000e+09
5.490000000000000000e+02 2.930455968000000000e+09
5.500000000000000000e+02 2.937383936000000000e+09
5.510000000000000000e+02 2.973912768000000000e+09
5.520000000000000000e+02 2.966464960000000000e+09
5.530000000000000000e+02 2.970279088000000000e+09
5.540000000000000000e+02 2.969540112000000000e+09
5.550000000000000000e+02 2.928231088000000000e+09
5.560000000000000000e+02 3.009284656000000000e+09
5.570000000000000000e+02 3.026845584000000000e+09
5.580000000000000000e+02 2.905025984000000000e+09
5.590000000000000000e+02 2.965129792000000000e+09
5.600000000000000000e+02 2.913142176000000000e+09
5.610000000000000000e+02 2.939194416000000000e+09
5.620000000000000000e+02 2.915485488000000000e+09
5.630000000000000000e+02 2.934307424000000000e+09
5.640000000000000000e+02 2.943112320000000000e+09
5.650000000000000000e+02 2.955618704000000000e+09
5.660000000000000000e+02 3.053053312000000000e+09
5.670000000000000000e+02 2.997856784000000000e+09
5.680000000000000000e+02 2.965047808000000000e+09
5.690000000000000000e+02 2.954177104000000000e+09
5.700000000000000000e+02 2.884681472000000000e+09
5.710000000000000000e+02 2.880890752000000000e+09
5.720000000000000000e+02 2.949455648000000000e+09
5.730000000000000000e+02 2.936712288000000000e+09
5.740000000000000000e+02 2.939973952000000000e+09
5.750000000000000000e+02 2.963754432000000000e+09
5.760000000000000000e+02 2.940266976000000000e+09
5.770000000000000000e+02 2.874973216000000000e+09
5.780000000000000000e+02 2.904274192000000000e+09
5.790000000000000000e+02 2.862395360000000000e+09
5.800000000000000000e+02 2.912892608000000000e+09
5.810000000000000000e+02 2.915534256000000000e+09
5.820000000000000000e+02 2.893617440000000000e+09
5.830000000000000000e+02 2.882864496000000000e+09
5.840000000000000000e+02 2.876620704000000000e+09
5.850000000000000000e+02 2.791414224000000000e+09
5.860000000000000000e+02 2.870044496000000000e+09
5.870000000000000000e+02 2.890585856000000000e+09
5.880000000000000000e+02 2.865819440000000000e+09
5.890000000000000000e+02 2.909101792000000000e+09
5.900000000000000000e+02 2.881250416000000000e+09
5.910000000000000000e+02 2.874292304000000000e+09
5.920000000000000000e+02 2.934252448000000000e+09
5.930000000000000000e+02 2.879996768000000000e+09
5.940000000000000000e+02 2.857985552000000000e+09
5.950000000000000000e+02 2.967600192000000000e+09
5.960000000000000000e+02 2.876454560000000000e+09
5.970000000000000000e+02 2.914571536000000000e+09
5.980000000000000000e+02 2.927174400000000000e+09
5.990000000000000000e+02 2.877158800000000000e+09
6.000000000000000000e+02 2.883329984000000000e+09
6.010000000000000000e+02 2.964674240000000000e+09
6.020000000000000000e+02 2.951366864000000000e+09
6.030000000000000000e+02 2.952315392000000000e+09
6.040000000000000000e+02 2.872196704000000000e+09
6.050000000000000000e+02 2.969713856000000000e+09
6.060000000000000000e+02 2.866528672000000000e+09
6.070000000000000000e+02 2.990467936000000000e+09
6.080000000000000000e+02 2.951618128000000000e+09
6.090000000000000000e+02 2.963157808000000000e+09
6.100000000000000000e+02 2.912438912000000000e+09
6.110000000000000000e+02 2.926129472000000000e+09
6.120000000000000000e+02 3.067090144000000000e+09
6.130000000000000000e+02 2.888787408000000000e+09
6.140000000000000000e+02 2.972780880000000000e+09
6.150000000000000000e+02 2.870506368000000000e+09
6.160000000000000000e+02 2.850940048000000000e+09
6.170000000000000000e+02 2.875451328000000000e+09
6.180000000000000000e+02 2.828640608000000000e+09
6.190000000000000000e+02 2.906344432000000000e+09
6.200000000000000000e+02 2.961266176000000000e+09
6.210000000000000000e+02 2.877207040000000000e+09
6.220000000000000000e+02 2.793147408000000000e+09
6.230000000000000000e+02 2.987991824000000000e+09
6.240000000000000000e+02 2.889054928000000000e+09
6.250000000000000000e+02 2.868083200000000000e+09
6.260000000000000000e+02 2.949960176000000000e+09
6.270000000000000000e+02 2.958817536000000000e+09
6.280000000000000000e+02 2.860156128000000000e+09
6.290000000000000000e+02 2.892653408000000000e+09
6.300000000000000000e+02 2.878018224000000000e+09
6.310000000000000000e+02 2.998061968000000000e+09
6.320000000000000000e+02 2.945423024000000000e+09
6.330000000000000000e+02 2.797596544000000000e+09
6.340000000000000000e+02 2.839938352000000000e+09
6.350000000000000000e+02 2.899223312000000000e+09
6.360000000000000000e+02 2.787398384000000000e+09
6.370000000000000000e+02 2.885270576000000000e+09
6.380000000000000000e+02 2.931047808000000000e+09
6.390000000000000000e+02 2.898352112000000000e+09
6.400000000000000000e+02 2.791472624000000000e+09
6.410000000000000000e+02 2.829385392000000000e+09
6.420000000000000000e+02 2.888040192000000000e+09
6.430000000000000000e+02 2.831714032000000000e+09
6.440000000000000000e+02 2.871728240000000000e+09
6.450000000000000000e+02 2.895097792000000000e+09
6.460000000000000000e+02 2.837138016000000000e+09
6.470000000000000000e+02 2.858577424000000000e+09
6.480000000000000000e+02 2.853168672000000000e+09
6.490000000000000000e+02 2.930356688000000000e+09
6.500000000000000000e+02 2.868394336000000000e+09
6.510000000000000000e+02 2.848787392000000000e+09
6.520000000000000000e+02 2.835241600000000000e+09
6.530000000000000000e+02 2.904105520000000000e+09
6.540000000000000000e+02 2.826848272000000000e+09
6.550000000000000000e+02 2.848160352000000000e+09
6.560000000000000000e+02 2.863323280000000000e+09
6.570000000000000000e+02 2.855098800000000000e+09
6.580000000000000000e+02 2.862794288000000000e+09
6.590000000000000000e+02 2.875040256000000000e+09
6.600000000000000000e+02 2.755158400000000000e+09
6.610000000000000000e+02 2.930344016000000000e+09
6.620000000000000000e+02 2.948552896000000000e+09
6.630000000000000000e+02 2.909855232000000000e+09
6.640000000000000000e+02 2.840061840000000000e+09
6.650000000000000000e+02 2.891821376000000000e+09
6.660000000000000000e+02 2.831054176000000000e+09
6.670000000000000000e+02 2.817918576000000000e+09
6.680000000000000000e+02 2.923068592000000000e+09
6.690000000000000000e+02 2.839453472000000000e+09
6.700000000000000000e+02 2.875502352000000000e+09
6.710000000000000000e+02 2.813053072000000000e+09
6.720000000000000000e+02 2.899033424000000000e+09
6.730000000000000000e+02 2.891518960000000000e+09
6.740000000000000000e+02 2.849397504000000000e+09
6.750000000000000000e+02 2.902686256000000000e+09
6.760000000000000000e+02 2.938592048000000000e+09
6.770000000000000000e+02 2.869439712000000000e+09
6.780000000000000000e+02 2.920780528000000000e+09
6.790000000000000000e+02 2.891002400000000000e+09
6.800000000000000000e+02 2.800167536000000000e+09
6.810000000000000000e+02 2.784072208000000000e+09
6.820000000000000000e+02 2.882256784000000000e+09
6.830000000000000000e+02 2.893475024000000000e+09
6.840000000000000000e+02 2.916579904000000000e+09
6.850000000000000000e+02 2.836430816000000000e+09
6.860000000000000000e+02 3.012330464000000000e+09
6.870000000000000000e+02 2.968392896000000000e+09
6.880000000000000000e+02 2.895005008000000000e+09
6.890000000000000000e+02 2.824102448000000000e+09
6.900000000000000000e+02 2.842797424000000000e+09
6.910000000000000000e+02 2.871742800000000000e+09
6.920000000000000000e+02 2.834909168000000000e+09
6.930000000000000000e+02 2.852693792000000000e+09
6.940000000000000000e+02 2.844817264000000000e+09
6.950000000000000000e+02 2.899017200000000000e+09
6.960000000000000000e+02 2.814311760000000000e+09
6.970000000000000000e+02 2.796819408000000000e+09
6.980000000000000000e+02 2.865729424000000000e+09
6.990000000000000000e+02 2.834581680000000000e+09
7.000000000000000000e+02 2.821671232000000000e+09
7.010000000000000000e+02 2.870276800000000000e+09
7.020000000000000000e+02 2.829320064000000000e+09
7.030000000000000000e+02 2.938603808000000000e+09
7.040000000000000000e+02 2.832332432000000000e+09
7.050000000000000000e+02 2.957487216000000000e+09
7.060000000000000000e+02 2.814189296000000000e+09
7.070000000000000000e+02 2.891282432000000000e+09
7.080000000000000000e+02 2.841715440000000000e+09
7.090000000000000000e+02 2.925273936000000000e+09
7.100000000000000000e+02 2.827588496000000000e+09
7.110000000000000000e+02 2.868306832000000000e+09
7.120000000000000000e+02 2.814385456000000000e+09
7.130000000000000000e+02 2.894102912000000000e+09
7.140000000000000000e+02 2.886920848000000000e+09
7.150000000000000000e+02 2.855330768000000000e+09
7.160000000000000000e+02 2.878608192000000000e+09
7.170000000000000000e+02 2.883110640000000000e+09
7.180000000000000000e+02 2.811222736000000000e+09
7.190000000000000000e+02 2.808083056000000000e+09
7.200000000000000000e+02 2.867460336000000000e+09
7.210000000000000000e+02 2.838348848000000000e+09
7.220000000000000000e+02 2.907194400000000000e+09
7.230000000000000000e+02 2.896824208000000000e+09
7.240000000000000000e+02 2.836589248000000000e+09
7.250000000000000000e+02 2.903849056000000000e+09
7.260000000000000000e+02 2.850909168000000000e+09
7.270000000000000000e+02 2.797558272000000000e+09
7.280000000000000000e+02 2.853536752000000000e+09
7.290000000000000000e+02 2.800971648000000000e+09
7.300000000000000000e+02 2.853281072000000000e+09
7.310000000000000000e+02 2.824614240000000000e+09
7.320000000000000000e+02 2.795724688000000000e+09
7.330000000000000000e+02 2.806995696000000000e+09
7.340000000000000000e+02 2.874917696000000000e+09
7.350000000000000000e+02 2.871625904000000000e+09
7.360000000000000000e+02 2.928594576000000000e+09
7.370000000000000000e+02 2.911276000000000000e+09
7.380000000000000000e+02 2.824972192000000000e+09
7.390000000000000000e+02 2.807339408000000000e+09
7.400000000000000000e+02 2.786779312000000000e+09
7.410000000000000000e+02 2.927302656000000000e+09
7.420000000000000000e+02 2.861442896000000000e+09
7.430000000000000000e+02 2.786118688000000000e+09
7.440000000000000000e+02 2.771059712000000000e+09
7.450000000000000000e+02 2.832485872000000000e+09
7.460000000000000000e+02 2.838320688000000000e+09
7.470000000000000000e+02 2.799155776000000000e+09
7.480000000000000000e+02 2.830886288000000000e+09
7.490000000000000000e+02 2.796102512000000000e+09
7.500000000000000000e+02 2.793639360000000000e+09
7.510000000000000000e+02 2.712631504000000000e+09
7.520000000000000000e+02 2.901620272000000000e+09
7.530000000000000000e+02 2.803347808000000000e+09
7.540000000000000000e+02 2.793403872000000000e+09
7.550000000000000000e+02 2.912632704000000000e+09
7.560000000000000000e+02 2.731600816000000000e+09
7.570000000000000000e+02 2.790242256000000000e+09
7.580000000000000000e+02 2.820250272000000000e+09
7.590000000000000000e+02 2.909858640000000000e+09
7.600000000000000000e+02 2.868539360000000000e+09
7.610000000000000000e+02 2.943747200000000000e+09
7.620000000000000000e+02 2.920399584000000000e+09
7.630000000000000000e+02 2.952734384000000000e+09
7.640000000000000000e+02 2.833852000000000000e+09
7.650000000000000000e+02 2.815358208000000000e+09
7.660000000000000000e+02 2.817151984000000000e+09
7.670000000000000000e+02 2.825916864000000000e+09
7.680000000000000000e+02 2.824029200000000000e+09
7.690000000000000000e+02 2.851786656000000000e+09
7.700000000000000000e+02 2.907886176000000000e+09
7.710000000000000000e+02 2.860830256000000000e+09
7.720000000000000000e+02 2.820484896000000000e+09
7.730000000000000000e+02 2.836688208000000000e+09
7.740000000000000000e+02 2.815801072000000000e+09
7.750000000000000000e+02 2.873016336000000000e+09
7.760000000000000000e+02 2.812274848000000000e+09
7.770000000000000000e+02 2.884493232000000000e+09
7.780000000000000000e+02 2.844166928000000000e+09
7.790000000000000000e+02 2.882738512000000000e+09
7.800000000000000000e+02 2.921324288000000000e+09
7.810000000000000000e+02 2.927568640000000000e+09
7.820000000000000000e+02 2.861491344000000000e+09
7.830000000000000000e+02 2.897012528000000000e+09
7.840000000000000000e+02 2.867197648000000000e+09
7.850000000000000000e+02 2.831433024000000000e+09
7.860000000000000000e+02 2.841755552000000000e+09
7.870000000000000000e+02 2.881152288000000000e+09
7.880000000000000000e+02 2.989103088000000000e+09
7.890000000000000000e+02 2.941910496000000000e+09
7.900000000000000000e+02 2.907596640000000000e+09
7.910000000000000000e+02 2.902213088000000000e+09
7.920000000000000000e+02 2.750802112000000000e+09
7.930000000000000000e+02 2.893888192000000000e+09
7.940000000000000000e+02 2.893912480000000000e+09
7.950000000000000000e+02 2.879178912000000000e+09
7.960000000000000000e+02 2.932143392000000000e+09
7.970000000000000000e+02 2.911774880000000000e+09
7.980000000000000000e+02 2.948701248000000000e+09
7.990000000000000000e+02 2.915191536000000000e+09
8.000000000000000000e+02 2.958067424000000000e+09
8.010000000000000000e+02 2.991778480000000000e+09
8.020000000000000000e+02 2.972122432000000000e+09
8.030000000000000000e+02 2.796482368000000000e+09
8.040000000000000000e+02 2.773323856000000000e+09
8.050000000000000000e+02 2.994163056000000000e+09
8.060000000000000000e+02 2.828203760000000000e+09
8.070000000000000000e+02 2.779563056000000000e+09
8.080000000000000000e+02 2.787883920000000000e+09
8.090000000000000000e+02 2.899159856000000000e+09
8.100000000000000000e+02 2.861617120000000000e+09
8.110000000000000000e+02 2.758212208000000000e+09
8.120000000000000000e+02 2.810323312000000000e+09
8.130000000000000000e+02 2.799115648000000000e+09
8.140000000000000000e+02 2.832270128000000000e+09
8.150000000000000000e+02 2.826211328000000000e+09
8.160000000000000000e+02 2.795545664000000000e+09
8.170000000000000000e+02 2.852038864000000000e+09
8.180000000000000000e+02 2.807480176000000000e+09
8.190000000000000000e+02 2.879965376000000000e+09
8.200000000000000000e+02 2.909954736000000000e+09
8.210000000000000000e+02 2.811686912000000000e+09
8.220000000000000000e+02 2.903396400000000000e+09
8.230000000000000000e+02 2.827623280000000000e+09
8.240000000000000000e+02 2.795440080000000000e+09
8.250000000000000000e+02 2.858265952000000000e+09
8.260000000000000000e+02 2.774517392000000000e+09
8.270000000000000000e+02 2.801493872000000000e+09
8.280000000000000000e+02 2.815242384000000000e+09
8.290000000000000000e+02 2.879873344000000000e+09
8.300000000000000000e+02 2.906325120000000000e+09
8.310000000000000000e+02 2.747046928000000000e+09
8.320000000000000000e+02 2.866109552000000000e+09
8.330000000000000000e+02 2.852324192000000000e+09
8.340000000000000000e+02 2.780558032000000000e+09
8.350000000000000000e+02 2.812381488000000000e+09
8.360000000000000000e+02 2.852283648000000000e+09
8.370000000000000000e+02 2.862657856000000000e+09
8.380000000000000000e+02 2.835468464000000000e+09
8.390000000000000000e+02 2.784059488000000000e+09
8.400000000000000000e+02 2.836824560000000000e+09
8.410000000000000000e+02 2.793438288000000000e+09
8.420000000000000000e+02 2.853125008000000000e+09
8.430000000000000000e+02 2.804985424000000000e+09
8.440000000000000000e+02 2.821690768000000000e+09
8.450000000000000000e+02 2.850976464000000000e+09
8.460000000000000000e+02 2.835951728000000000e+09
8.470000000000000000e+02 2.918090112000000000e+09
8.480000000000000000e+02 2.815790320000000000e+09
8.490000000000000000e+02 2.868115568000000000e+09
8.500000000000000000e+02 2.826274064000000000e+09
8.510000000000000000e+02 2.763612480000000000e+09
8.520000000000000000e+02 2.781945328000000000e+09
8.530000000000000000e+02 2.847549984000000000e+09
8.540000000000000000e+02 3.016550864000000000e+09
8.550000000000000000e+02 2.927028240000000000e+09
8.560000000000000000e+02 2.849085584000000000e+09
8.570000000000000000e+02 2.866736176000000000e+09
8.580000000000000000e+02 2.819884016000000000e+09
8.590000000000000000e+02 2.823870480000000000e+09
8.600000000000000000e+02 2.717495360000000000e+09
8.610000000000000000e+02 2.786592768000000000e+09
8.620000000000000000e+02 2.902433648000000000e+09
8.630000000000000000e+02 2.749700192000000000e+09
8.640000000000000000e+02 2.797230752000000000e+09
8.650000000000000000e+02 2.859257904000000000e+09
8.660000000000000000e+02 2.852422640000000000e+09
8.670000000000000000e+02 2.793260480000000000e+09
8.680000000000000000e+02 2.919484144000000000e+09
8.690000000000000000e+02 2.960502352000000000e+09
8.700000000000000000e+02 2.854969424000000000e+09
8.710000000000000000e+02 2.815661008000000000e+09
8.720000000000000000e+02 2.755439984000000000e+09
8.730000000000000000e+02 2.787027440000000000e+09
8.740000000000000000e+02 2.783664256000000000e+09
8.750000000000000000e+02 2.790975968000000000e+09
8.760000000000000000e+02 2.788519248000000000e+09
8.770000000000000000e+02 2.766595392000000000e+09
8.780000000000000000e+02 2.845794368000000000e+09
8.790000000000000000e+02 2.799949920000000000e+09
8.800000000000000000e+02 2.935015120000000000e+09
8.810000000000000000e+02 2.805712480000000000e+09
8.820000000000000000e+02 2.881618688000000000e+09
8.830000000000000000e+02 2.799471856000000000e+09
8.840000000000000000e+02 2.823878912000000000e+09
8.850000000000000000e+02 2.919151008000000000e+09
8.860000000000000000e+02 2.799658512000000000e+09
8.870000000000000000e+02 2.847372080000000000e+09
8.880000000000000000e+02 2.888130432000000000e+09
8.890000000000000000e+02 2.828651680000000000e+09
8.900000000000000000e+02 2.736278880000000000e+09
8.910000000000000000e+02 2.788711968000000000e+09
8.920000000000000000e+02 2.778265248000000000e+09
8.930000000000000000e+02 2.774309008000000000e+09
8.940000000000000000e+02 2.769042224000000000e+09
8.950000000000000000e+02 2.727013632000000000e+09
8.960000000000000000e+02 2.782971488000000000e+09
8.970000000000000000e+02 2.887464096000000000e+09
8.980000000000000000e+02 2.870398816000000000e+09
8.990000000000000000e+02 2.748052304000000000e+09
9.000000000000000000e+02 2.774861712000000000e+09
9.010000000000000000e+02 2.776077424000000000e+09
9.020000000000000000e+02 2.899965280000000000e+09
9.030000000000000000e+02 2.760779632000000000e+09
9.040000000000000000e+02 2.796722272000000000e+09
9.050000000000000000e+02 2.740397456000000000e+09
9.060000000000000000e+02 2.763861568000000000e+09
9.070000000000000000e+02 2.821729664000000000e+09
9.080000000000000000e+02 2.748397104000000000e+09
9.090000000000000000e+02 2.770886352000000000e+09
9.100000000000000000e+02 2.758163280000000000e+09
9.110000000000000000e+02 2.767332688000000000e+09
9.120000000000000000e+02 2.782364224000000000e+09
9.130000000000000000e+02 2.739303648000000000e+09
9.140000000000000000e+02 2.871136496000000000e+09
9.150000000000000000e+02 2.804716592000000000e+09
9.160000000000000000e+02 2.854337504000000000e+09
9.170000000000000000e+02 2.823365728000000000e+09
9.180000000000000000e+02 2.846314128000000000e+09
9.190000000000000000e+02 2.785043984000000000e+09
9.200000000000000000e+02 2.726401264000000000e+09
9.210000000000000000e+02 2.790070992000000000e+09
9.220000000000000000e+02 2.810116656000000000e+09
9.230000000000000000e+02 2.798632832000000000e+09
9.240000000000000000e+02 2.783617568000000000e+09
9.250000000000000000e+02 2.865189408000000000e+09
9.260000000000000000e+02 2.697335488000000000e+09
9.270000000000000000e+02 0.000000000000000000e+00
